500 1
4.3832967769 0.1246877309
-0.9779449640 0.4483876387
5.7375667186 -0.1350664380
3.1578884649 -0.7108873550
-6.4931624338 1.8197321245
7.6099576262 -0.3679669567
4.1782352318 -0.0331161576
4.5770288844 0.6405679191
-5.9501818772 0.9665583699
-0.7938249937 -0.1865456918
-2.0672316123 0.0620929683
6.8282398216 -0.4889216680
2.3018419213 0.2340358961
5.1641858123 0.0102866675
-0.9053728188 0.1977292840
-4.3641804514 -1.4210041271
0.8733565923 1.1055883641
-6.9789239023 0.3374828268
5.2420987519 0.0426200983
2.1066303860 0.2407584032
4.1294038414 -0.1654670706
-2.3275845099 -0.1267964234
7.5311683903 -0.0378888060
6.2899379412 -1.6036877841
4.4541359532 0.4740555353
-4.8857806744 -0.5788082073
-0.5324639404 -1.2515355860
-7.2991397474 0.0406578361
-5.5313681269 1.3244055891
2.9287832519 -1.1525303213
3.9161944945 0.1580422217
7.4801557189 -0.0760639504
-2.7867942698 0.4257612080
-2.0726447034 -0.1947498800
-0.4871070196 -1.4366123273
-4.9684582547 -0.1957387541
-5.9212559146 0.9649209656
-0.3887211804 -1.5526267197
-4.3694504152 -1.4485839186
2.7170239149 -0.8786475533
-1.0055692980 0.5495837533
5.3228511369 -0.0178279830
3.2042416320 -0.5942993208
-3.0021337379 0.5078831992
5.3161568223 -0.0950405822
4.8762297199 0.3290179983
-1.8003459355 0.3166777276
-3.3867503371 0.6286552388
2.9199280636 -0.9276905070
-5.7639602623 1.1348324341
-4.8014687604 -1.0395909512
-7.8822036840 1.1323314538
4.5907900400 0.7370247838
2.6376137055 -0.8179270354
3.2826460580 -0.4854870465
4.4916644964 0.6199238050
-0.6573475914 -0.8568391044
1.0998591352 0.0191298637
-5.7632480300 1.0844149087
-6.1675188234 1.3004066195
2.6944473886 -0.7786722552
-0.4624607017 -1.3215086732
1.0437777037 0.2462874949
4.2399817187 -0.0747290508
2.1554931200 0.1755243077
0.8572704105 1.1093181011
0.9473145719 0.7961077113
-3.1367984310 0.6091850849
-7.5069146469 0.2804086707
-1.0125217723 0.4162944240
-4.5666452349 -1.7239057324
-1.4635417004 0.9859594294
5.6544491723 0.1458129485
-4.2569682262 -1.3181827569
-7.0671561330 0.2621684011
-3.4978577276 0.5951969953
-3.3024998757 0.6978880762
2.5906642356 -0.6437165256
0.9125144375 0.9575177242
4.5423713457 0.6022850662
2.6290166452 -0.6007777261
-1.4978102170 0.8794946192
5.0243261547 0.3555993632
-5.3284332815 1.1772755820
-7.6366068299 0.5201110496
-6.5592342276 1.5608412837
3.5577496095 0.0963612915
-0.6099643160 -0.8247026244
-5.4196515355 1.3193565041
0.0167164017 -0.7157509857
-5.5630063566 1.1432248235
3.1411260012 -0.8024890284
-0.8614995908 -0.1656431514
-1.9036603825 0.0305515793
-3.1758065736 0.7173036003
2.0845214899 0.3599712178
-2.2109982311 0.1402298015
-6.5976012909 1.5297985496
-6.1119055661 1.4183140560
7.3903626328 0.1080124270
6.5372910513 -1.5748886162
3.1953141410 -0.6310687703
-3.7460806166 0.3255352580
7.5068220376 -0.0534117876
4.4600144635 0.4123186163
3.4702430265 -0.2246310219
-0.8102159657 -0.3629110454
-3.6441350105 0.5264967204
-6.4577446055 1.7497376870
6.4416383447 -1.7331361479
-0.7075793627 -0.6113201277
-4.7621861633 -1.1481643955
-3.1046940136 0.7297466015
1.2675131031 -0.8978542247
-5.1716354730 0.9209956885
5.7058285455 -0.0017769713
4.1363124774 -0.0408150540
3.5114072952 0.0827123397
-1.0865113636 0.8807066747
2.0369414512 0.2764014581
1.3455675026 -1.0115995086
2.3975456249 -0.0648259641
-6.6488908618 1.5055957509
-1.3470815653 0.9610715077
-7.3341732182 0.0588066688
-0.0961468921 -1.3307976016
-2.7222206027 0.4281818928
-5.6876129781 1.2282007022
-6.3455525164 1.8105297871
1.4023131548 -1.0352136387
-5.2705125034 1.0943120395
6.8019218940 -0.8780718831
1.2969782352 -0.9583463101
-2.4500831274 0.0706125653
1.4546478637 -1.2266848739
-7.6351380635 0.6358856403
7.3369474119 0.0933755100
-0.2831450089 -1.5330807935
4.5237636360 0.4856874053
-6.6763200012 1.4152026548
-0.2134667066 -1.5003643440
-0.1486880903 -1.4364026089
7.0052232796 -0.1435116440
1.1476488380 -0.3241770296
-0.4241695831 -1.4931073027
-3.7283893905 0.5251802264
-2.6948960425 0.4571482189
0.3307584395 1.0400881458
-0.9774166351 0.2138779552
-7.6542067219 0.4805539842
5.2206707871 -0.0538836069
6.3385723494 -1.7267946992
-5.7560145760 1.1611982628
0.8645782966 1.1153184681
-6.2627881418 1.7255358718
2.7558414886 -0.9586779608
-3.5002594586 0.5825897901
2.5507621551 -0.5612013094
3.6319138286 0.1211808446
4.2983598707 0.2697603654
-6.2761448647 1.3895592862
6.6561895222 -1.4643831602
-4.3165761457 -1.4227492036
-7.4013991012 0.0630883121
0.8776395103 1.1434763548
-2.0652434582 -0.0368622810
5.2766358901 -0.0910916472
4.9320235530 0.5365088673
-2.9257777148 0.8027831824
7.2463903211 0.1811758352
-3.3453145898 0.7394433952
0.2409140677 0.6170876983
-3.9045585509 -0.0765118773
6.9766971208 -0.1226958547
-5.3662749187 1.3031300254
-7.2814300897 -0.0427230399
-1.0384470400 0.7685224608
7.8780090249 -0.8256569138
6.2668362601 -1.7105161585
3.9777283113 -0.1601519368
6.2526798541 -1.5806850549
6.2951462352 -1.6365791895
0.3017337662 0.7693376492
-2.9451351707 0.6084974124
4.3521989138 0.1220614817
2.5865802107 -0.3996222895
-2.0214763380 0.1383798163
-6.4885333110 1.7191483162
3.9486337816 -0.0527046429
-3.8006317452 0.1044336486
6.9890104085 -0.3510400849
-4.1444707999 -0.7980799055
-6.0358730814 1.0286196358
5.2978027540 -0.0653817540
-5.5474509340 1.1111162499
-5.1317070695 0.5540265413
1.5901246643 -1.1239153673
5.9929926534 -0.8174826214
-4.8570453486 -0.7517972960
-3.0348212336 0.5876722901
4.4384774119 0.4900769854
7.5492228170 -0.2094648344
0.0118589792 -0.6576383160
-5.6976399592 1.0844918980
-7.7770193967 0.7566203674
-4.3255035200 -1.4259323808
-5.8908445154 1.0144496876
2.8425387778 -0.9698094133
-6.0506799259 1.1400973984
0.1012789059 -0.0764350657
3.1081989703 -0.7361830896
1.2978657475 -0.9628403508
-4.8035895734 -0.9752669530
4.8659924189 0.7595765590
3.4465140739 0.0664762790
3.8237440626 -0.0268567827
-5.9030759751 0.8898953355
-6.0199391416 1.2509651332
6.8410008161 -0.7288675730
-1.6387488988 0.5241952575
-3.1848209315 0.6434896285
-0.1826552744 -1.4016322511
2.6058274042 -0.7027499584
7.2899721128 0.0894741331
-3.4168603699 0.5504769489
6.7969348690 -0.8520728776
-7.6022481378 0.3553001526
0.8831686772 1.2778146350
2.1436017869 0.2909483524
-6.3056415400 1.7602391729
-5.7545664470 0.9754345601
-1.2941708909 1.0503180516
7.4597105943 -0.0694416339
1.5366808517 -1.4789936156
6.9283715456 -0.4694846803
4.8697746498 0.3781268455
-0.5218943751 -1.4687985010
4.5562151880 0.5207653072
-7.7146114564 0.8587006981
-6.2536960517 1.5746845906
5.2708578381 0.0780073011
4.7490734132 0.7662229159
-4.2777481285 -1.1703523155
0.4923134496 1.5480999658
1.6962531312 -0.8214267521
5.8838232604 -0.4626609411
1.6497145174 -1.0638192393
-1.3988548916 1.0998212596
-2.0130553055 0.0242038854
-1.1858866180 0.9106447335
2.4308964093 -0.3284642261
5.8798501080 -0.6432081436
-0.7376498868 -0.4868199214
-4.0345669928 -0.3737198268
-4.2134021920 -1.1104235413
3.9362284839 -0.0023291620
5.0651002148 0.2223269050
-6.3155507223 1.7485055328
-6.9350582887 0.6113667783
1.5109386201 -1.1054759240
-5.6612280929 1.0313193355
5.1946270473 0.1602172866
-3.0346452172 0.6666273203
-5.6980490725 1.1895489932
6.7355275598 -0.9940170041
-5.3514924362 1.2337898219
-3.4444786826 0.4257308421
-5.5421856769 1.2592115686
-6.1521589814 1.2060329471
-7.6616317386 0.6854517705
-7.1136734534 0.1899194065
-5.2057364650 0.8460520245
-7.1458890780 0.0294715084
1.4583010578 -1.3087772981
2.8914324288 -1.1008284121
-1.7019126907 0.5978412227
-2.9121424488 0.6897108792
0.0724197924 -0.2208511734
6.0000790758 -0.9239213980
5.6181060292 0.0311306698
-7.3043990078 -0.0223416945
-5.0960254465 0.5444769453
-4.2120820623 -1.0712638751
-4.0097987867 -0.3313044827
1.1397224279 -0.2777149175
-1.3398011887 0.9887621108
-7.2119340812 0.0212336231
-2.0221737846 0.0224710331
0.3800471795 1.3437862174
-6.3732495535 1.9080715577
5.3353368606 0.0862427180
-7.1686101366 -0.0587743399
6.7974699043 -0.7416031980
-6.4141897347 1.7155141841
5.4971992256 -0.0329954938
6.4424503028 -1.7330555183
7.6731308894 -0.1682512156
4.8324140844 0.6606338747
4.4716406523 0.4569170464
2.2797324159 0.2631134786
4.4639416733 0.2447860264
-5.8471646654 0.7724866534
0.5770885752 1.8278621475
0.2275659230 0.5195970661
5.7211543060 -0.1572069533
-0.5952101505 -1.1516752735
-1.8385680624 0.2358301106
2.2330123398 0.4126384350
-3.7365869200 0.4173888153
-5.7637054247 1.0332560150
-0.3539636156 -1.5978724249
-1.3297701025 1.0341259886
-4.2788809515 -1.4651718587
-2.1198110382 -0.0954082856
-2.1377208028 -0.0447338143
-2.7600709694 0.4014155382
-1.9285747244 0.0156324087
2.9718935273 -1.1200443963
-3.2499764069 0.5763591039
7.1817268274 0.1498267465
6.6615683126 -1.4560779282
-0.3054331472 -1.5110287703
-2.7462207199 0.6163032532
0.5669566373 1.7174857985
5.5769678204 -0.2952404782
2.4413974490 -0.3453198769
4.8702692472 0.6815563594
0.5235564171 1.4174195546
2.1266820683 0.2223913946
-3.3895101731 0.5101323049
3.7582905970 0.2146382991
-4.7615265100 -1.2978166748
3.1167700611 -0.7821423911
5.7715050932 -0.2137508500
-5.8863546032 1.1602235560
1.8300758487 -0.4393717559
-6.4784680283 1.8050641558
3.6114500523 -0.0424354158
-6.6481084988 1.5749453790
6.9750371632 -0.2729816768
-5.8014731194 0.9335635074
7.3420839345 0.1236228775
4.8141468174 0.4959027917
1.4989120715 -1.2153817216
4.5219856741 0.6779856432
4.7218374237 0.7706981010
7.1364330051 -0.0513158155
-3.9458663386 -0.1457065794
1.4412143257 -1.1521877852
-6.4792128390 1.5791844265
1.8586512004 -0.4274401439
-5.2593391345 1.1799072446
1.0392097836 0.2875121090
1.1588882245 -0.3199324187
-0.5442375523 -0.9938170966
0.3621084082 1.2552422063
4.2227742401 0.0446442287
4.7879154642 0.9580120920
-0.1255485508 -1.3153245630
1.5934950644 -1.2123562610
6.8997797710 -0.3795783400
-6.0842625840 1.2618414942
-6.1263429456 1.2529393308
-6.5966558094 1.4874101927
2.5258125606 -0.2533090839
-1.3022671874 1.1039093019
4.3891426583 0.2178919661
2.7397026129 -0.8532143637
-2.6617958667 0.4035346073
6.3738647578 -1.7045641391
4.2005143531 0.0100631658
-3.6714409454 0.2994249534
-2.1729277156 -0.1039246884
-2.9689603167 0.9048571588
-5.4782136220 1.3689500759
-5.6354660393 1.1275211182
6.9780394140 -0.2396052007
-0.9935354048 0.4372368167
-1.8668828356 0.1602389508
3.6749713388 0.1023263639
0.8478890440 1.2939634137
6.9782397894 -0.3616820365
4.4848239026 0.5931921470
-0.3300869740 -1.6056333370
-1.9782484243 0.0480321830
7.7861047188 -0.6058095021
3.4841637761 0.0729045829
7.2191145601 0.2843101959
-6.1043427645 1.3548743314
5.6085388671 -0.2141388766
2.1931821439 0.3311970071
-6.0492531466 1.1921293765
1.4121279995 -1.3578046996
2.9775418417 -1.0023894974
-7.8031570258 1.0022143866
-0.7309126105 -0.4661857198
5.2063921791 0.0001613542
-3.2742555945 0.6946141791
-0.6632306912 -0.6320702900
-0.9229739669 0.3510393451
-3.1691617369 0.4097389720
6.6950703282 -1.1714010119
4.5007045669 0.5233495456
-6.2305854241 1.3572315232
7.9525545254 -0.5972871199
6.0672003889 -0.9544197373
-3.4574649942 0.4920234172
5.3903452746 -0.0185103162
-6.2972874901 1.5665394638
7.9856756876 -0.6705908530
2.6509557777 -0.6457311549
2.4020002489 -0.1909022061
-6.5529483683 1.7253901363
6.3525343823 -1.8555707993
-7.5360079487 0.4817815837
-4.1467510713 -0.7342567913
-5.7116499973 1.0507541435
4.4282870511 0.4388296911
-4.8287323646 -1.0738973849
6.5702116341 -1.3750983177
2.5003046292 -0.4452904359
-7.4213966321 0.0691786895
-7.9131226539 1.2168528256
-7.1734733278 -0.0830089447
1.6948028424 -0.8087870629
4.8237089738 0.6635188812
-4.1831548700 -0.8591643076
5.5905414868 -0.0538415864
-7.0842889575 0.1352239624
4.8154216583 0.6084516877
6.8447268828 -0.3869204637
4.3537343857 0.0547139622
3.1699325437 -0.5990264991
5.4076834985 0.0879077635
-7.3575792072 -0.0749945828
-4.7714862285 -0.9667785460
-6.0012211311 1.1741879636
0.0724958431 -0.2972735052
3.9230100533 0.0101768865
2.0801895132 0.2018359875
5.6180975962 -0.0897381155
-5.5165921209 1.3380261436
3.7539374710 0.2759099615
-4.9113361461 -0.4923489892
-3.6678599789 0.3419546291
3.3584751565 -0.2324331601
7.6832765584 -0.2542435189
1.7846976956 -0.5133808380
-7.1279949601 0.0940367974
1.8609435188 -0.3392242964
-7.3223911747 -0.1132991105
6.1463313819 -1.3908720558
3.3532525616 -0.4900395790
-5.2299544572 1.0299625920
-6.5324639068 1.7032068580
-5.0634683379 0.2598279210
7.6804348729 -0.6374290192
-0.6630297207 -0.9049045390
4.5452951735 0.7346680718
2.1825334737 0.1876585691
1.1586103993 -0.3237133074
-5.6779159254 0.9709458255
7.1363912569 0.2514007302
-3.1785178798 0.6794710900
1.2482754529 -0.7299549788
3.1964151134 -0.4394937104
2.3877304839 0.0530699894
7.0495105551 -0.0537407591
-5.6249761613 1.1195274273
0.1336438152 -0.0723734284
-1.5354497481 0.9127568575
-0.4133003283 -1.4945674035
-6.0925195808 1.1950440459
-5.8544862420 1.1199437532
-3.5507912675 0.5350803178
-3.1247263398 0.9375017342
-1.1535485811 0.9180069759
1.7758007526 -0.4314645652
2.1540658787 0.2972599724
-1.4110256546 1.1300103643
-1.4594702491 0.9078917360
-4.5179435728 -1.8008413718
1.4128999745 -1.1522802454
-2.9273454189 0.7992730139
-7.4230426516 0.0960297510
-1.3055992935 0.9433215664
-0.4138771986 -1.6191557847
-4.3905141087 -1.7014476635
1.1593269300 -0.5400334320
1.0523504069 0.2012468069
3.2320348978 -0.4845191233
2.3671757152 -0.0469418374
2.4389289043 -0.4647663907
-2.9405735708 0.6863890052
4.5989155518 0.6816773088
0.7863101376 1.6416885924
-1.0973088771 0.6383503199
2.0161996951 0.0860777111
-2.2294826488 0.0326602143
0.2038279137 0.4206253402
